{
  "m_GameObject": {
    "m_FileID": 0,
    "m_PathID": 0
  },
  "m_Enabled": 1,
  "m_Script": {
    "m_FileID": 0,
    "m_PathID": 86742511063691828
  },
  "m_Name": "BaseBoneMale_Mesh",
  "meshName": "BaseBoneMale",
  "animatedBoneNames": [],
  "animatedBoneHashes": [],
  "meshData": {
    "bindPoses": [
      {
        "e00": -6.881186E-08,
        "e01": -0.0501943752,
        "e02": -0.9987394,
        "e03": 0.665456235,
        "e10": 1.4044216E-06,
        "e11": -0.998739541,
        "e12": 0.0501943827,
        "e13": -0.0331766531,
        "e20": -1.0,
        "e21": -1.39919734E-06,
        "e22": 1.3921931E-07,
        "e23": -1.04360936E-07,
        "e30": 0.0,
        "e31": 0.0,
        "e32": 0.0,
        "e33": 1.0
      },
      {
        "e00": 0.90741,
        "e01": -0.0009356713,
        "e02": 0.4202452,
        "e03": -0.305764854,
        "e10": 0.0246369634,
        "e11": 0.998396,
        "e12": -0.050974194,
        "e13": 0.0143050654,
        "e20": -0.419523329,
        "e21": 0.0566080622,
        "e22": 0.905977845,
        "e23": -0.7353443,
        "e30": 0.0,
        "e31": 0.0,
        "e32": 0.0,
        "e33": 1.0
      },
      {
        "e00": 1.35335536E-14,
        "e01": 9.094947E-11,
        "e02": -1.00000012,
        "e03": 0.535892,
        "e10": 1.40269253E-06,
        "e11": -1.0,
        "e12": 9.094947E-11,
       
        "e13": 0.0002546317,
        "e20": -1.0,
        "e21": -1.40269253E-06,
        "e22": 4.015885E-14,
        "e23": -1.16360752E-08,
        "e30": 0.0,
        "e31": 0.0,
        "e32": 0.0,
        "e33": 1.0
      },
      {
        "e00": -0.9074102,
        "e01": -0.0009331923,
        "e02": 0.420245171,
        "e03": -0.305764824,
        "e10": -0.0246342178,
        "e11": 0.99839586,
        "e12": -0.05097418,
        "e13": 0.0143050589,
        "e20": -0.419523478,
        "e21": -0.056606885,
        "e22": -0.905977547,
        "e23": 0.735344231,
        "e30": 0.0,
        "e31": 0.0,
        "e32": 0.0,
        "e33": 1.0
      },
      {
        "e00": -0.610691369,
        "e01": 0.0506706946,
        "e02": 0.79024595,
        "e03": -0.2767975,
        "e10": -0.788774431,
        "e11": 0.0492109433,
        "e12": -0.612709641,
        "e13": 0.553269148,
        "e20": -0.06993517,
        "e21": -0.997502267,
        "e22": 0.009915042,
        "e23": 0.02980033,
        "e30": 0.0,
        "e31": 0.0,
        "e32": 0.0,
        "e33": 1.0
      },
      {
        "e00": -0.5548109,
        "e01": -0.035899926,
        "e02": 0.8312015,
        "e03": -0.260563076,
        "e10": -0.8313583,
        "e11": 0.062426772,
        "e12": -0.5522193,
        "e13": 0.538290262,
        "e20": -0.0320646,
        "e21": -0.997403741,
        "e22": -0.06448076,
        "e23": 0.0559905954,
        "e30": 0.0,
        "e31": 0.0,
        "e32": 0.0,
        "e33": 1.0
      },
      {
        "e00": -0.350478262,
        "e01": -0.0491972081,
        "e02": 0.9352778,
        "e03": -0.355632156,
        "e10": -0.936021745,
        "e11": 0.05258836,
        "e12": -0.347990781,
        "e13": 0.4695295,
        "e20": -0.03206456,
        "e21": -0.997403741,
        "e22": -0.0644807443,
        "e23": 0.05599057,
        "e30": 0.0,
        "e31": 0.0,
        "e32": 0.0,
        "e33": 1.0
      },
      {
        "e00": -0.3936387,
        "e01": -0.0445893221,
        "e02": 0.9181834,
        "e03": -0.3566072,
        "e10": -0.9184553,
        "e11": 0.06099653,
        "e12": -0.3907931,
        "e13": 0.483754039,
        "e20": -0.03858079,
        "e21": -0.9971415,
        "e22": -0.06496387,
        "e23": 0.07048819,
        "e30": 0.0,
        "e31": 0.0,
        "e32": 0.0,
        "e33": 1.0
      },
      {
        "e00": -0.248831257,
        "e01": -0.05337743,
        "e02": 0.96707505,
        "e03": -0.407361269,
        "e10": -0.9677781,
        "e11": 0.0534754433,
        "e12": -0.24606061,
        "e13": 0.426572531,
        "e20": -0.03858067,
        "e21": -0.9971415,
        "e22": -0.06496385,
        "e23": 0.07048815,
        "e30": 0.0,
        "e31": 0.0,
        "e32": 0.0,
        "e33": 1.0
      },
      {
        "e00": -0.2573126,
        "e01": 0.378739476,
        "e02": 0.889014244,
        "e03": -0.4047346,
        "e10": 0.387405455,
        "e11": 0.88325423,
        "e12": -0.26415652,
        "e13": 0.0330787748,
        "e20": -0.8852722,
        "e21": 0.2764382,
        "e22": -0.373998284,
        "e23": 0.4432086,
        "e30": 0.0,
        "e31": 0.0,
        "e32": 0.0,
        "e33": 1.0
      },
      {
        "e00": -0.6359465,
        "e01": 0.07748049,
        "e02": 0.7678337,
        "e03": -0.393106,
        "e10": 0.02921353,
        "e11": 0.996651053,
        "e12": -0.0763743,
        "e13": 0.01823299,
        "e20": -0.7711799,
        "e21": -0.0261388458,
        "e22": -0.6360804,
        "e23": 0.562801,
        "e30": 0.0,
        "e31": 0.0,
        "e32": 0.0,
        "e33": 1.0
      },
      {
        "e00": -0.3673853,
        "e01": -0.128068328,
        "e02": 0.921209455,
        "e03": -0.3671837,
        "e10": -0.9281031,
        "e11": -0.0138780158,
        "e12": -0.372063965,
        "e13": 0.475942284,
        "e20": 0.0604341738,
        "e21": -0.9916683,
        "e22": -0.113762021,
        "e23": 0.07502637,
        "e30": 0.0,
        "e31": 0.0,
        "e32": 0.0,
        "e33": 1.0
      },
      {
        "e00": -0.481411129,
        "e01": 0.0123714926,
        "e02": 0.8764076,
        "e03": -0.308393419,
        "e10": -0.8748606,
        "e11": 0.0542476028,
        "e12": -0.481327116,
        "e13": 0.5156516,
        "e20": -0.0534977354,
        "e21": -0.9984508,
        "e22": -0.0152920727,
        "e23": 0.0262587145,
        "e30": 0.0,
        "e31": 0.0,
        "e32": 0.0,
        "e33": 1.0
      },
      {
        "e00": -0.07656231,
        "e01": -0.118239947,
        "e02": 0.990029037,
        "e03": -0.4758502,
        "e10": -0.99523133,
        "e11": -0.0511235967,
        "e12": -0.08307036,
        "e13": 0.350943863,
        "e20": 0.06043609,
        "e21": -0.991668165,
        "e22": -0.113761969,
        "e23": 0.07502575,
        "e30": 0.0,
        "e31": 0.0,
        "e32": 0.0,
        "e33": 1.0
      },
      {
        "e00": -0.292415768,
        "e01": 0.294475824,
        "e02": 0.909822345,
        "e03": -0.383870542,
        "e10": 0.361643285,
        "e11": 0.9148037,
        "e12": -0.179856375,
        "e13": -0.00283403532,
        "e20": -0.885272145,
        "e21": 0.276438326,
        "e22": -0.373998225,
        "e23": 0.4432086,
        "e30": 0.0,
        "e31": 0.0,
        "e32": 0.0,
        "e33": 1.0
      },
      {
        "e00": -0.352249354,
        "e01": 0.004539804,
        "e02": 0.9358952,
        "e03": -0.357229739,
        "e10": -0.9343758,
        "e11": 0.0554548874,
        "e12": -0.351946443,
        "e13": 0.469667941,
        "e20": -0.05349773,
        "e21": -0.9984508,
        "e22": -0.0152920634,
        "e23": 0.0262587033,
        "e30": 0.0,
        "e31": 0.0,
        "e32": 0.0,
        "e33": 1.0
      },
      {
        "e00": 0.6106914,
        "e01": 0.050669,
        "e02": 0.790246,
        "e03": -0.2767975,
        "e10": 0.78877455,
        "e11": 0.0492087565,
        "e12": -0.612709641,
        "e13": 0.553269,
        "e20": -0.06993242,
        "e21": 0.997502267,
        "e22": -0.009915049,
        "e23": -0.02980032,
        "e30": 0.0,
        "e31": 0.0,
        "e32": 0.0,
        "e33": 1.0
      },
      {
        "e00": 0.481411129,
        "e01": 0.0123701673,
        "e02": 0.8764076,
        "e03": -0.308393449,
        "e10": 0.874860764,
        "e11": 0.0542451851,
        "e12": -0.481327116,
        "e13": 0.515651643,
        "e20": -0.05349499,
        "e21": 0.9984507,
        "e22": 0.0152920578,
        "e23": -0.0262587052,
        "e30": 0.0,
        "e31": 0.0,
        "e32": 0.0,
        "e33": 1.0
      },
      {
        "e00": 0.5548107,
        "e01": -0.03590147,
        "e02": 0.8312017,
        "e03": -0.260563076,
        "e10": 0.831358433,
        "e11": 0.0624244623,
        "e12": -0.5522193,
        "e13": 0.5382902,
        "e20": -0.0320618376,
        "e21": 0.997403741,
        "e22": 0.06448077,
        "e23": -0.05599059,
        "e30": 0.0,
        "e31": 0.0,
        "e32": 0.0,
        "e33": 1.0
      },
      {
        "e00": 0.350478142,
        "e01": -0.0491981879,
        "e02": 0.9352777,
        "e03": -0.3556321,
        "e10": 0.936021864,
        "e11": 0.0525857732,
        "e12": -0.34799093,
        "e13": 0.469529629,
        "e20": -0.0320617855,
        "e21": 0.997403741,
        "e22": 0.06448075,
        "e23": -0.0559905767,
        "e30": 0.0,
        "e31": 0.0,
        "e32": 0.0,
        "e33": 1.0
      },
      {
        "e00": 0.257313728,
        "e01": 0.378738761,
        "e02": 0.889014244,
        "e03": -0.404734582,
        "e10": -0.3874031,
        "e11": 0.883255243,
        "e12": -0.264156461,
        "e13": 0.0330787078,
        "e20": -0.885273159,
        "e21": -0.2764359,
        "e22": 0.3739983,
        "e23": -0.4432087,
        "e30": 0.0,
        "e31": 0.0,
        "e32": 0.0,
        "e33": 1.0
      },
      {
        "e00": 0.393638581,
        "e01": -0.0445904061,
        "e02": 0.918183267,
        "e03": -0.356607169,
        "e10": 0.918455541,
        "e11": 0.0609939732,
        "e12": -0.390793145,
        "e13": 0.4837541,
        "e20": -0.0385780074,
        "e21": 0.99714154,
        "e22": 0.06496387,
        "e23": -0.0704881847,
        "e30": 0.0,
        "e31": 0.0,
        "e32": 0.0,
        "e33": 1.0
      },
      {
        "e00": 0.248831227,
        "e01": -0.05337812,
        "e02": 0.9670748,
        "e03": -0.407361239,
        "e10": 0.9677784,
        "e11": 0.0534727648,
        "e12": -0.246060714,
        "e13": 0.426572561,
        "e20": -0.0385779031,
        "e21": 0.99714154,
        "e22": 0.06496387,
        "e23": -0.07048814,
        "e30": 0.0,
        "e31": 0.0,
        "e32": 0.0,
        "e33": 1.0
      },
      {
        "e00": 0.36738503,
        "e01": -0.128069341,
        "e02": 0.921209335,
        "e03": -0.367183536,
        "e10": 0.9281031,
        "e11": -0.0138805322,
        "e12": -0.372064054,
        "e13": 0.4759424,
        "e20": 0.0604368746,
        "e21": 0.991668,
        "e22": 0.113762051,
        "e23": -0.0750263855,
        "e30": 0.0,
        "e31": 0.0,
        "e32": 0.0,
        "e33": 1.0
      },
      {
        "e00": 0.352249354,
        "e01": 0.004538834,
        "e02": 0.9358952,
        "e03": -0.3572297,
        "e10": 0.934376,
        "e11": 0.05545231,
        "e12": -0.351946563,
        "e13": 0.469668,
        "e20": -0.05349496,
        "e21": 0.9984507,
        "e22": 0.0152920634,
        "e23": -0.0262587015,
        "e30": 0.0,
        "e31": 0.0,
        "e32": 0.0,
        "e33": 1.0
      },
      {
        "e00": 0.07656208,
        "e01": -0.11824017,
        "e02": 0.990029,
        "e03": -0.475850165,
        "e10": 0.995231152,
        "e11": -0.0511258729,
        "e12": -0.0830704,
        "e13": 0.350943863,
        "e20": 0.0604383573,
        "e21": 0.9916679,
        "e22": 0.113762,
        "e23": -0.0750258937,
        "e30": 0.0,
        "e31": 0.0,
        "e32": 0.0,
        "e33": 1.0
      },
      {
        "e00": 0.554810464,
        "e01": -0.0359011665,
        "e02": 0.831201136,
        "e03": -0.260563016,
        "e10": 0.8313583,
        "e11": 0.06242451,
        "e12": -0.552219033,
        "e13": 0.5382901,
        "e20": -0.0320620537,
        "e21": 0.9974038,
        "e22": 0.06448056,
        "e23": -0.0559904873,
        "e30": 0.0,
        "e31": 0.0,
        "e32": 0.0,
        "e33": 1.0
      },
      {
        "e00": 0.635946751,
        "e01": 0.07747873,
        "e02": 0.7678338,
        "e03": -0.393106073,
        "e10": -0.0292107984,
        "e11": 0.996650934,
        "e12": -0.07637429,
        "e13": 0.0182329863,
        "e20": -0.7711799,
        "e21": 0.02614095,
        "e22": 0.636080265,
        "e23": -0.562801,
        "e30": 0.0,
        "e31": 0.0,
        "e32": 0.0,
        "e33": 1.0
      },
      {
        "e00": 0.292416632,
        "e01": 0.294475,
        "e02": 0.9098225,
        "e03": -0.383870572,
        "e10": -0.361640781,
        "e11": 0.914804637,
        "e12": -0.179856345,
        "e13": -0.00283405185,
        "e20": -0.885273039,
        "e21": -0.276435882,
        "e22": 0.373998344,
        "e23": -0.4432087,
        "e30": 0.0,
        "e31": 0.0,
        "e32": 0.0,
        "e33": 1.0
      },
      {
        "e00": 3.24040656E-07,
        "e01": 0.2363695,
        "e02": -0.9716632,
        "e03": 0.7821849,
        "e10": 1.44154046E-06,
        "e11": -0.9716632,
        "e12": -0.236369535,
        "e13": 0.208461583,
        "e20": -1.0,
        "e21": -1.32409855E-06,
        "e22": -6.555945E-07,
        "e23": 5.976246E-07,
        "e30": 0.0,
        "e31": 0.0,
        "e32": 0.0,
        "e33": 1.0
      },
      {
        "e00": -0.636317,
        "e01": 0.000971268862,
        "e02": 0.771427035,
        "e03": -0.527112365,
        "e10": -0.0195463989,
        "e11": 0.9996577,
        "e12": -0.0173816178,
        "e13": -0.0119081419,
        "e20": -0.7711799,
        "e21": -0.0261388365,
        "e22": -0.6360804,
        "e23": 0.562801,
        "e30": 0.0,
        "e31": 0.0,
        "e32": 0.0,
        "e33": 1.0
      },
      {
        "e00": 0.636316955,
        "e01": 0.0009695268,
        "e02": 0.771427035,
        "e03": -0.5271124,
        "e10": 0.0195491333,
        "e11": 0.9996575,
        "e12": -0.0173816122,
        "e13": -0.011908141,
        "e20": -0.771179736,
        "e21": 0.0261409469,
        "e22": 0.6360802,
        "e23": -0.562800944,
        "e30": 0.0,
        "e31": 0.0,
        "e32": 0.0,
        "e33": 1.0
      },
      {
        "e00": 1.54379745E-08,
        "e01": 0.0112584829,
        "e02": -0.999936759,
        "e03": 0.8534073,
        "e10": 1.40278053E-06,
        "e11": -0.99993664,
        "e12": -0.0112584811,
        "e13": 0.02057395,
        "e20": -1.0,
        "e21": -1.40251768E-06,
        "e22": -3.12303641E-08,
        "e23": 7.150254E-08,
        "e30": 0.0,
        "e31": 0.0,
        "e32": 0.0,
        "e33": 1.0
      },
      {
        "e00": -2.3649734E-06,
        "e01": -0.9986167,
        "e02": 0.0525797643,
        "e03": 0.0439125933,
        "e10": -5.38165659E-06,
        "e11": -0.05257976,
        "e12": -0.9986166,
        "e13": 0.7084507,
        "e20": 1.0,
        "e21": -2.64466826E-06,
        "e22": -5.24986262E-06,
        "e23": -0.07499631,
        "e30": 0.0,
        "e31": 0.0,
        "e32": 0.0,
        "e33": 1.0
      },
      {
        "e00": -2.3649734E-06,
        "e01": -0.9986167,
        "e02": 0.0525797643,
        "e03": 0.0439127162,
        "e10": -5.38165659E-06,
        "e11": -0.05257976,
        "e12": -0.9986166,
        "e13": 0.7084499,
        "e20": 1.0,
        "e21": -2.64466826E-06,
        "e22": -5.24986262E-06,
        "e23": 0.07500369,
        "e30": 0.0,
        "e31": 0.0,
        "e32": 0.0,
        "e33": 1.0
      },
      {
        "e00": -1.34559613E-13,
        "e01": 8.881784E-14,
        "e02": -1.0,
        "e03": 0.487912,
        "e10": -2.84512817E-06,
        "e11": -1.0,
        "e12": 8.881784E-14,
        "e13": -2.842171E-14,
        "e20": -1.0,
        "e21": 2.84512817E-06,
        "e22": -1.72951931E-13,
        "e23": 0.0,
        "e30": 0.0,
        "e31": 0.0,
        "e32": 0.0,
        "e33": 1.0
      },
      {
        "e00": 0.115813337,
        "e01": -0.0492014848,
        "e02": 0.9920516,
        "e03": -0.478205,
        "e10": -0.06867292,
        "e11": -0.9967789,
        "e12": -0.04141897,
        "e13": 0.01675255,
        "e20": 0.990894139,
        "e21": -0.06333021,
        "e22": -0.118819125,
        "e23": 0.107845046,
        "e30": 0.0,
        "e31": 0.0,
        "e32": 0.0,
        "e33": 1.0
      },
      {
        "e00": -0.11581365,
        "e01": -0.04920116,
        "e02": 0.9920517,
        "e03": -0.478205025,
        "e10": 0.0686702,
        "e11": -0.9967791,
        "e12": -0.04141895,
        "e13": 0.0167525448,
        "e20": 0.9908943,
        "e21": 0.06332753,
        "e22": 0.1188193,
        "e23": -0.107845105,
        "e30": 0.0,
        "e31": 0.0,
        "e32": 0.0,
        "e33": 1.0
      },
      {
        "e00": 0.113457531,
        "e01": -0.08243211,
        "e02": 0.990117252,
        "e03": -0.266050339,
        "e10": -0.0724989,
        "e11": -0.994582355,
        "e12": -0.0744961947,
        "e13": 0.0256437212,
        "e20": 0.990894139,
        "e21": -0.06333027,
        "e22": -0.1188191,
        "e23": 0.107845038,
        "e30": 0.0,
        "e31": 0.0,
        "e32": 0.0,
        "e33": 1.0
      },
      {
        "e00": -0.113457918,
        "e01": -0.0824318,
        "e02": 0.9901173,
        "e03": -0.2660503,
        "e10": 0.07249621,
        "e11": -0.9945826,
        "e12": -0.07449618,
        "e13": 0.0256437138,
        "e20": 0.9908943,
        "e21": 0.0633275956,
        "e22": 0.118819274,
        "e23": -0.107845105,
        "e30": 0.0,
        "e31": 0.0,
        "e32": 0.0,
        "e33": 1.0
      },
      {
        "e00": -2.589753E-06,
        "e01": -0.999969959,
        "e02": -0.00774364034,
        "e03": 0.08466149,
        "e10": -6.48462037E-06,
        "e11": 0.007743638,
        "e12": -0.9999698,
        "e13": 0.7433083,
        "e20": 0.9999997,
        "e21": -2.53946064E-06,
        "e22": -6.504481E-06,
        "e23": 4.86830731E-06,
        "e30": 0.0,
        "e31": 0.0,
        "e32": 0.0,
        "e33": 1.0
      },
      {
        "e00": -0.5548112,
        "e01": -0.0359000079,
        "e02": 0.831201553,
        "e03": -0.260563046,
        "e10": -0.831358,
        "e11": 0.0624267831,
        "e12": -0.5522192,
        "e13": 0.53829,
        "e20": -0.03206457,
        "e21": -0.997403443,
        "e22": -0.06448084,
        "e23": 0.0559907332,
        "e30": 0.0,
        "e31": 0.0,
        "e32": 0.0,
        "e33": 1.0
      },
      {
        "e00": -1.00058545E-14,
        "e01": -1.110223E-14,
        "e02": 1.00000012,
        "e03": -0.0605057925,
        "e10": -0.115968779,
        "e11": -0.9932528,
        "e12": 0.0,
        "e13": 0.0167618934,
        "e20": 0.993252933,
        "e21": -0.115968764,
        "e22": -3.469447E-14,
        "e23": 0.10239251,
        "e30": 0.0,
        "e31": 0.0,
        "e32": 0.0,
        "e33": 1.0
      },
      {
        "e00": 0.115968779,
        "e01": 0.9932528,
        "e02": -1.619136E-08,
        "e03": 0.0480621532,
        "e10": 6.912235E-09,
        "e11": 1.54942725E-08,
        "e12": 1.00000012,
        "e13": -0.00544061372,
        "e20": 0.993252933,
        "e21": -0.115968764,
        "e22": -5.06868147E-09,
        "e23": 0.102392495,
        "e30": 0.0,
        "e31": 0.0,
        "e32": 0.0,
        "e33": 1.0
      },
      {
        "e00": -4.91947334E-15,
        "e01": -2.220446E-14,
        "e02": 1.00000012,
        "e03": -0.06050579,
        "e10": 0.115966067,
        "e11": -0.9932532,
        "e12": 2.220446E-14,
        "e13": 0.016761886,
        "e20": 0.9932531,
        "e21": 0.115966052,
        "e22": 7.771561E-14,
        "e23": -0.102392569,
        "e30": 0.0,
        "e31": 0.0,
        "e32": 0.0,
        "e33": 1.0
      },
      {
        "e00": -0.115966052,
        "e01": 0.9932532,
        "e02": -1.61912475E-08,
        "e03": 0.0480621532,
        "e10": -6.91226454E-09,
        "e11": 1.54942512E-08,
        "e12": 1.00000012,
        "e13": -0.00544061372,
        "e20": 0.9932531,
        "e21": 0.115966037,
        "e22": 5.06853448E-09,
        "e23": -0.102392577,
        "e30": 0.0,
        "e31": 0.0,
        "e32": 0.0,
        "e33": 1.0
      }
    ],
    "boneWeights": [],
    "unityBoneWeights": [],
    "vertices": [],
    "tangents": [],
    "normals": [],
    "colors32": [],
    "uv": [],
    "uv2": [],
    "uv3": [],
    "uv4": [],
    "blendShapes": [],
    "submeshes": [],
    "umaBones": [
      {
        "position": {
          "x": -0.0446202829,
          "y": -0.003953743,
          "z": -5.96606675E-09
        },
        "rotation": {
          "x": -3.27132825E-13,
          "y": -3.14634832E-07,
          "z": 0.113439821,
          "w": 0.9935449
        },
        "scale": {
          "x": 0.9999999,
          "y": 0.9999999,
          "z": 1.0
        },
        "name": "bone_Head",
        "hash": -2111735698,
        "parent": 96688289
      },
      {
        "position": {
          "x": -0.0456970781,
          "y": -0.004478302,
          "z": -0.0200432576
        },
        "rotation": {
          "x": 0.0258174837,
          "y": -0.08611039,
          "z": -0.1402113,
          "w": 0.9860321
        },
        "scale": {
          "x": 0.99999994,
          "y": 1.00000012,
          "z": 1.0
        },
        "name": "bone_Right_Finger41",
        "hash": -1919801108,
        "parent": -1367065569
      },
      {
        "position": {
          "x": -0.0163649358,
          "y": 3.81469718E-08,
          "z": 0.0
        },
        "rotation": {
          "x": -9.208551E-10,
          "y": 1.39240341E-10,
          "z": -0.149508163,
          "w": 0.988760531
        },
        "scale": {
          "x": 0.99999994,
          "y": 0.99999994,
          "z": 0.99999994
        },
        "name": "bone_Left_Finger42",
        "hash": -1809306289,
        "parent": 220298485
      },
      {
        "position": {
          "x": -0.130390659,
          "y": -0.000116533636,
          "z": -3.2321737E-10
        },
        "rotation": {
          "x": -1.37138014E-14,
          "y": -7.073549E-08,
          "z": 0.0255031325,
          "w": 0.999674737
        },
        "scale": {
          "x": 1.0,
          "y": 1.0,
          "z": 1.0
        },
        "name": "bone_Spine1",
        "hash": -1541408846,
        "parent": -1051086991
      },
      {
        "position": {
          "x": -0.07381998,
          "y": 0.0,
          "z": 0.0
        },
        "rotation": {
          "x": -0.0148630235,
          "y": 0.221670672,
          "z": -0.00825078,
          "w": 0.97497344
        },
        "scale": {
          "x": 1.0,
          "y": 0.99999994,
          "z": 1.0
        },
        "name": "bone_RightArm",
        "hash": -1391784435,
        "parent": 92030410
      },
      {
        "position": {
          "x": -0.135163918,
          "y": 0.0,
          "z": 0.0
        },
        "rotation": {
          "x": 0.6805462,
          "y": 0.00267367647,
          "z": -0.0213910211,
          "w": 0.73238796
        },
        "scale": {
          "x": 1.0,
          "y": 1.00000012,
          "z": 1.00000012
        },
        "name": "bone_RightHand",
        "hash": -1367065569,
        "parent": 1507255706
      },
      {
        "position": {
          "x": -0.211447164,
          "y": 0.0,
          "z": 0.0
        },
        "rotation": {
          "x": 3.41283E-10,
          "y": 7.457313E-09,
          "z": 0.0166850667,
          "w": 0.9998608
        },
        "scale": {
          "x": 1.0,
          "y": 1.00000012,
          "z": 1.0
        },
        "name": "bone_LeftLeg",
        "hash": -1305646021,
        "parent": -285661123
      },
      {
        "position": {
          "x": -0.05506518,
          "y": 0.0648240447,
          "z": -9.536743E-09
        },
        "rotation": {
          "x": 2.63404742E-09,
          "y": 2.634309E-09,
          "z": -0.7071068,
          "w": 0.7071068
        },
        "scale": {
          "x": 1.0,
          "y": 1.0,
          "z": 1.0
        },
        "name": "bone_LeftToe",
        "hash": -1258743979,
        "parent": -344692431
      },
      {
        "position": {
          "x": -0.05334024,
          "y": -0.00351470942,
          "z": -0.000763432938
        },
        "rotation": {
          "x": 0.006340285,
          "y": 0.041255556,
          "z": -0.0370349,
          "w": 0.9984419
        },
        "scale": {
          "x": 1.00000048,
          "y": 1.00000012,
          "z": 0.999999762
        },
        "name": "bone_Left_Weapon",
        "hash": -1197037021,
        "parent": 1892485702
      },
      {
        "position": {
          "x": -0.133763954,
          "y": 0.0,
          "z": 0.0
        },
        "rotation": {
          "x": 1.141346E-09,
          "y": -2.9780459E-08,
          "z": 0.0382972173,
          "w": 0.9992664
        },
        "scale": {
          "x": 1.0,
          "y": 1.0,
          "z": 1.0
        },
        "name": "bone_LeftForeArm",
        "hash": -1129867206,
        "parent": 1604555488
      },
      {
        "position": {
          "x": -0.0479800031,
          "y": -0.000254631741,
          "z": 7.923394E-08
        },
        "rotation": {
          "x": -2.080476E-06,
          "y": 6.93676043E-07,
          "z": -0.000398159027,
          "w": 0.99999994
        },
        "scale": {
          "x": 1.0,
          "y": 1.0,
          "z": 1.0
        },
        "name": "bone_Spine",
        "hash": -1051086991,
        "parent": 1529948125
      },
      {
        "position": {
          "x": -0.0214483067,
          "y": 0.0,
          "z": 4.76837148E-09
        },
        "rotation": {
          "x": -3.91456156E-09,
          "y": -1.422477E-09,
          "z": -0.114848234,
          "w": 0.99338305
        },
        "scale": {
          "x": 1.0,
          "y": 1.0,
          "z": 1.0
        },
        "name": "bone_Left_Finger22",
        "hash": -1032680759,
        "parent": 1534843763
      },
      {
        "position": {
          "x": -0.05104271,
          "y": -0.00664260844,
          "z": -0.0112954807
        },
        "rotation": {
          "x": -0.00546285557,
          "y": -0.0402203575,
          "z": -0.128533617,
          "w": 0.9908742
        },
        "scale": {
          "x": 0.9999999,
          "y": 0.9999999,
          "z": 1.0
        },
        "name": "bone_Right_Finger31",
        "hash": -1026310613,
        "parent": -1367065569
      },
      {
        "position": {
          "x": -0.130330116,
          "y": -0.0202746261,
          "z": 0.0313924029
        },
        "rotation": {
          "x": -0.5386335,
          "y": -0.0105943047,
          "z": 0.84245,
          "w": 0.006301155
        },
        "scale": {
          "x": 1.0,
          "y": 0.99999994,
          "z": 1.0
        },
        "name": "bone_LeftClav",
        "hash": -617253997,
        "parent": -1541408846
      },
      {
        "position": {
          "x": -0.01913227,
          "y": 3.81469718E-08,
          "z": 0.0
        },
        "rotation": {
          "x": -2.14233431E-09,
          "y": -3.5717842E-09,
          "z": -0.07654541,
          "w": 0.99706614
        },
        "scale": {
          "x": 0.99999994,
          "y": 1.00000012,
          "z": 1.0
        },
        "name": "bone_Left_Finger32",
        "hash": -613827704,
        "parent": 1113647666
      },
      {
        "position": {
          "x": -0.05334024,
          "y": -0.00351470942,
          "z": 0.0007633757
        },
        "rotation": {
          "x": -0.00634025736,
          "y": -0.0412556976,
          "z": -0.0370349,
          "w": 0.9984419
        },
        "scale": {
          "x": 1.00000012,
          "y": 1.00000012,
          "z": 1.0
        },
        "name": "bone_Right_Finger21",
        "hash": -607613078,
        "parent": -1367065569
      },
      {
        "position": {
          "x": -0.021505814,
          "y": 0.0,
          "z": 2.38418574E-09
        },
        "rotation": {
          "x": 1.39343748E-09,
          "y": -9.947772E-11,
          "z": -0.0712089241,
          "w": 0.997461438
        },
        "scale": {
          "x": 1.0,
          "y": 1.0,
          "z": 1.0
        },
        "name": "bone_Left_Finger12",
        "hash": -379594486,
        "parent": 1884719280
      },
      {
        "position": {
          "x": -0.02266651,
          "y": 0.008737068,
          "z": 0.0142894452
        },
        "rotation": {
          "x": -0.741058767,
          "y": 0.244139358,
          "z": 0.0310025122,
          "w": 0.624713361
        },
        "scale": {
          "x": 1.00000012,
          "y": 1.0,
          "z": 1.0
        },
        "name": "bone_Right_Finger01",
        "hash": -369168920,
        "parent": -1367065569
      },
      {
        "position": {
          "x": -0.08150826,
          "y": -0.07463854,
          "z": -2.822106E-07
        },
        "rotation": {
          "x": 0.7272987,
          "y": 0.6863211,
          "z": 3.6239478E-06,
          "w": 9.350974E-07
        },
        "scale": {
          "x": 1.0,
          "y": 1.00000024,
          "z": 1.00000024
        },
        "name": "bone_Left_Spine_Backpack",
        "hash": -353109963,
        "parent": -1541408846
      },
      {
        "position": {
          "x": -0.21981205,
          "y": 4.76837148E-09,
          "z": 0.0
        },
        "rotation": {
          "x": -0.0239011217,
          "y": 0.06043447,
          "z": -0.03590275,
          "w": 0.9972399
        },
        "scale": {
          "x": 0.99999994,
          "y": 0.9999997,
          "z": 0.9999999
        },
        "name": "bone_LeftAnkle",
        "hash": -344692431,
        "parent": -1305646021
      },
      {
        "position": {
          "x": 7.62939436E-08,
          "y": 9.112504E-08,
          "z": 0.05033005
        },
        "rotation": {
          "x": 0.0227126926,
          "y": 0.9974625,
          "z": 0.03308338,
          "w": 0.0588066839
        },
        "scale": {
          "x": 0.99999994,
          "y": 1.0,
          "z": 1.0
        },
        "name": "bone_LeftLegUpper",
        "hash": -285661123,
        "parent": 1529948125
      },
      {
        "position": {
          "x": -0.0222814549,
          "y": 0.0,
          "z": 0.0
        },
        "rotation": {
          "x": -6.97557845E-10,
          "y": -1.48848267E-08,
          "z": -0.04681231,
          "w": 0.998903751
        },
        "scale": {
          "x": 0.99999994,
          "y": 0.99999994,
          "z": 0.9999999
        },
        "name": "bone_Left_Finger02",
        "hash": -263919541,
        "parent": 1766701553
      },
      {
        "position": {
          "x": -0.0523419939,
          "y": -0.004388542,
          "z": 0.0116249295
        },
        "rotation": {
          "x": -3.349131E-05,
          "y": -0.015053926,
          "z": -0.0785772949,
          "w": 0.9967944
        },
        "scale": {
          "x": 1.00000012,
          "y": 1.00000012,
          "z": 1.00000012
        },
        "name": "bone_Right_Finger11",
        "hash": -253371223,
        "parent": -1367065569
      },
      {
        "position": {
          "x": 0.0,
          "y": 0.0,
          "z": 0.0
        },
        "rotation": {
          "x": 4.37109264E-08,
          "y": 1.02917227E-06,
          "z": 4.331257E-07,
          "w": 1.0
        },
        "scale": {
          "x": 1.0,
          "y": 1.0,
          "z": 1.0
        },
        "name": "bone_Hips_Dummy",
        "hash": -248343593,
        "parent": 1529948125
      },
      {
        "position": {
          "x": -0.21981205,
          "y": -2.38418574E-09,
          "z": -9.536743E-09
        },
        "rotation": {
          "x": 0.02390111,
          "y": -0.0604345575,
          "z": -0.0359027348,
          "w": 0.9972399
        },
        "scale": {
          "x": 0.99999994,
          "y": 0.999999762,
          "z": 0.99999994
        },
        "name": "bone_RightAnkle",
        "hash": -115488425,
        "parent": 1082519766
      },
      {
        "position": {
          "x": -0.130330116,
          "y": -0.0202744547,
          "z": -0.0313925147
        },
        "rotation": {
          "x": 0.5386335,
          "y": 0.0105919614,
          "z": 0.84245,
          "w": 0.00629966566
        },
        "scale": {
          "x": 1.0,
          "y": 1.00000012,
          "z": 1.0
        },
        "name": "bone_RightClav",
        "hash": 92030410,
        "parent": -1541408846
      },
      {
        "position": {
          "x": -0.143704757,
          "y": -0.0102021145,
          "z": -6.00741643E-08
        },
        "rotation": {
          "x": 6.180791E-14,
          "y": 3.99176855E-07,
          "z": -0.143920109,
          "w": 0.989589334
        },
        "scale": {
          "x": 1.49999118,
          "y": 1.49999118,
          "z": 1.49999118
        },
        "name": "bone_Head",
        "hash": 96688289,
        "parent": -1541408846
      },
      {
        "position": {
          "x": -0.0456970967,
          "y": -0.004478302,
          "z": 0.0200432558
        },
        "rotation": {
          "x": -0.0258174855,
          "y": 0.08611039,
          "z": -0.1402113,
          "w": 0.9860321
        },
        "scale": {
          "x": 0.99999994,
          "y": 1.00000024,
          "z": 1.00000012
        },
        "name": "bone_Left_Finger41",
        "hash": 220298485,
        "parent": 1892485702
      },
      {
        "position": {
          "x": -0.0163649358,
          "y": 0.0,
          "z": 0.0
        },
        "rotation": {
          "x": -1.74517611E-09,
          "y": 4.03152134E-09,
          "z": -0.149508148,
          "w": 0.988760531
        },
        "scale": {
          "x": 1.0,
          "y": 1.00000012,
          "z": 1.0
        },
        "name": "bone_Right_Finger42",
        "hash": 345733462,
        "parent": -1919801108
      },
      {
        "position": {
          "x": -0.042887114,
          "y": -0.07878169,
          "z": 0.07499965
        },
        "rotation": {
          "x": 0.7062618,
          "y": 0.7079508,
          "z": 3.21295E-06,
          "w": 5.42984651E-07
        },
        "scale": {
          "x": 1.0,
          "y": 1.00000012,
          "z": 1.0
        },
        "name": "bone_Right_Spine_Weapon",
        "hash": 640639971,
        "parent": -1541408846
      },
      {
        "position": {
          "x": -7.62939436E-08,
          "y": -4.847042E-08,
          "z": -0.05033005
        },
        "rotation": {
          "x": 0.0227127261,
          "y": 0.9974624,
          "z": -0.0330847949,
          "w": -0.05880813
        },
        "scale": {
          "x": 0.99999994,
          "y": 1.00000012,
          "z": 0.99999994
        },
        "name": "bone_RightLegUpper",
        "hash": 952826536,
        "parent": 1529948125
      },
      {
        "position": {
          "x": -0.211447179,
          "y": 0.0,
          "z": -9.536743E-09
        },
        "rotation": {
          "x": 1.117663E-09,
          "y": -1.11587761E-08,
          "z": 0.0166850649,
          "w": 0.9998608
        },
        "scale": {
          "x": 1.0,
          "y": 1.00000012,
          "z": 1.0
        },
        "name": "bone_RightLeg",
        "hash": 1082519766,
        "parent": 952826536
      },
      {
        "position": {
          "x": -0.05104271,
          "y": -0.00664260844,
          "z": 0.0112954779
        },
        "rotation": {
          "x": 0.005462859,
          "y": 0.04022036,
          "z": -0.128533632,
          "w": 0.9908742
        },
        "scale": {
          "x": 0.9999998,
          "y": 1.0,
          "z": 1.00000012
        },
        "name": "bone_Left_Finger31",
        "hash": 1113647666,
        "parent": 1892485702
      },
      {
        "position": {
          "x": -0.021448344,
          "y": -3.81469718E-08,
          "z": 0.0
        },
        "rotation": {
          "x": -9.2516006E-10,
          "y": 1.06960732E-10,
          "z": -0.114848211,
          "w": 0.99338305
        },
        "scale": {
          "x": 1.0,
          "y": 1.0,
          "z": 0.9999999
        },
        "name": "bone_Right_Finger22",
        "hash": 1120001744,
        "parent": -607613078
      },
      {
        "position": {
          "x": -0.04288704,
          "y": -0.078781,
          "z": -0.07500034
        },
        "rotation": {
          "x": 0.7062618,
          "y": 0.7079508,
          "z": 3.21295E-06,
          "w": 5.42984651E-07
        },
        "scale": {
          "x": 1.0,
          "y": 1.00000012,
          "z": 1.0
        },
        "name": "bone_Left_Spine_Weapon",
        "hash": 1121682369,
        "parent": -1541408846
      },
      {
        "position": {
          "x": -0.0550651774,
          "y": 0.06482404,
          "z": -9.536743E-09
        },
        "rotation": {
          "x": 1.27598737E-13,
          "y": -1.27619839E-13,
          "z": -0.7071068,
          "w": 0.7071068
        },
        "scale": {
          "x": 1.0,
          "y": 0.99999994,
          "z": 1.0
        },
        "name": "bone_RightToe",
        "hash": 1179749304,
        "parent": -115488425
      },
      {
        "position": {
          "x": -0.133763954,
          "y": -1.19209287E-09,
          "z": 3.81469718E-08
        },
        "rotation": {
          "x": -1.14134613E-09,
          "y": 2.978046E-08,
          "z": 0.03829722,
          "w": 0.9992664
        },
        "scale": {
          "x": 1.0,
          "y": 1.00000012,
          "z": 1.0
        },
        "name": "bone_RightForeArm",
        "hash": 1507255706,
        "parent": -1391784435
      },
      {
        "position": {
          "x": 0.0,
          "y": 0.0,
          "z": 0.0
        },
        "rotation": {
          "x": -0.499999642,
          "y": 0.500000358,
          "z": 0.499999642,
          "w": 0.500000358
        },
        "scale": {
          "x": 1.0,
          "y": 1.0,
          "z": 1.0
        },
        "name": "bone_Hips",
        "hash": 1529948125,
        "parent": 2018908708
      },
      {
        "position": {
          "x": -0.0533402227,
          "y": -0.00351470942,
          "z": -0.000763373333
        },
        "rotation": {
          "x": 0.00634025969,
          "y": 0.0412556976,
          "z": -0.0370349,
          "w": 0.9984419
        },
        "scale": {
          "x": 1.00000012,
          "y": 1.00000012,
          "z": 1.0
        },
        "name": "bone_Left_Finger21",
        "hash": 1534843763,
        "parent": 1892485702
      },
      {
        "position": {
          "x": -0.01913227,
          "y": 0.0,
          "z": -4.76837148E-09
        },
        "rotation": {
          "x": 3.07092463E-09,
          "y": 3.50049567E-09,
          "z": -0.07654541,
          "w": 0.99706614
        },
        "scale": {
          "x": 0.99999994,
          "y": 1.0,
          "z": 0.99999994
        },
        "name": "bone_Right_Finger32",
        "hash": 1541074833,
        "parent": -1026310613
      },
      {
        "position": {
          "x": -0.0533402823,
          "y": -0.00351470942,
          "z": 0.000763247
        },
        "rotation": {
          "x": -0.00634028669,
          "y": -0.04125574,
          "z": -0.0370348021,
          "w": 0.9984419
        },
        "scale": {
          "x": 0.9999999,
          "y": 1.00000024,
          "z": 1.00000012
        },
        "name": "bone_Right_Weapon",
        "hash": 1574426499,
        "parent": -1367065569
      },
      {
        "position": {
          "x": -0.07381996,
          "y": 7.152557E-09,
          "z": 0.0
        },
        "rotation": {
          "x": 0.0148630245,
          "y": -0.2216707,
